117 100 100 100 100 100 100 87 100 100 0 23 
432 100 85 99 98 95 73 84 78 100 0 56 
423 85 100 92 93 81 56 87 66 95 0 0 
751 75 67 43 100 57 100 99 96 94 0 0 
115 89 85 94 93 95 94 94 75 85 0 0 
120 95 92 96 94 94 93 82 56 97 0 0 
118 93 91 93 95 93 94 99 64 100 0 0 
750 0 0 0 0 0 0 0 0 0 0 0 
77777 0 0 0 0 0 0 0 0 0 0 0 
111 0 0 0 0 0 0 0 0 0 0 0 
118 0 0 0 0 0 0 0 0 0 0 0 
545 0 0 0 0 0 0 0 0 0 0 0 
565 0 0 0 0 0 0 0 0 0 0 0 
433 0 0 0 0 0 0 0 0 0 0 0 
718 0 0 0 0 0 0 0 0 0 0 0 
321 0 0 0 0 0 0 0 0 0 0 0 
111 0 0 0 0 0 0 0 0 0 0 0 
